Variables="X","Y","P","temp","RHO","S","phase"

Zone I=    20,J=    40, F=POINT
 58.271240   160.245 14560096.     293.0 202.13471 4.8516230       4.0
 59.426220   160.245 13793775. 277.57894 191.49604 4.5962744 3.7894736
 60.581200   160.245 13027454. 262.15789 180.85737 4.3409259 3.5789473
 61.736180   160.245 12261133. 246.73684 170.21870 4.0855773 3.3684210
 62.891160   160.245 11494812. 231.31578 159.58003 3.8302287 3.1578947
 64.046140   160.245 10728491. 215.89473 148.94136 3.5748801 2.9473684
 65.201120   160.245 9962171.0 200.47368 138.30269 3.3195315 2.7368421
 66.356100   160.245 9195850.2 185.05263 127.66402 3.0641829 2.5263157
 67.511080   160.245 8429529.3 169.63157 117.02535 2.8088344 2.3157894
 68.666060   160.245 7663208.5 154.21052 106.38669 2.5534858 2.1052631
 69.821040   160.245 6896887.6 138.78947 95.748021 2.2981372 1.8947368
 70.976020   160.245 6130566.8 123.36842 85.109352 2.0427886 1.6842105
 72.131000   160.245 5364245.9 107.94736 74.470683 1.7874400 1.4736842
 73.285980   160.245 4597925.1 92.526315 63.832014 1.5320914 1.2631578
 74.440960   160.245 3831604.2 77.105263 53.193345 1.2767429 1.0526315
 75.595940   160.245 3065283.4 61.684210 42.554676 1.0213943 0.8421052
 76.750920   160.245 2298962.5 46.263157 31.916007 0.7660457 0.6315789
 77.905900   160.245 1532641.7 30.842105 21.277338 0.5106971 0.4210526
 79.060880   160.245 766320.85 15.421052 10.638669 0.2553485 0.2105263
 80.215860   160.245       0.0       0.0       0.0       0.0       0.0
 58.271240 160.79146 14297374.     293.0 198.44189 4.8650744       4.0
 59.426220 160.79146 13544880. 277.57894 187.99758 4.6090178 3.7894736
 60.581200 160.79146 12792387. 262.15789 177.55327 4.3529613 3.5789473
 61.736180 160.79146 12039894. 246.73684 167.10896 4.0969047 3.3684210
 62.891160 160.79146 11287400. 231.31578 156.66465 3.8408482 3.1578947
 64.046140 160.79146 10534907. 215.89473 146.22034 3.5847916 2.9473684
 65.201120 160.79146 9782413.9 200.47368 135.77603 3.3287351 2.7368421
 66.356100 160.79146 9029920.5 185.05263 125.33172 3.0726785 2.5263157
 67.511080 160.79146 8277427.2 169.63157 114.88741 2.8166220 2.3157894
 68.666060 160.79146 7524933.8 154.21052 104.44310 2.5605654 2.1052631
 69.821040 160.79146 6772440.4 138.78947 93.998791 2.3045089 1.8947368
 70.976020 160.79146 6019947.0 123.36842 83.554481 2.0484523 1.6842105
 72.131000 160.79146 5267453.6 107.94736 73.110170 1.7923958 1.4736842
 73.285980 160.79146 4514960.2 92.526315 62.665860 1.5363392 1.2631578
 74.440960 160.79146 3762466.9 77.105263 52.221550 1.2802827 1.0526315
 75.595940 160.79146 3009973.5 61.684210 41.777240 1.0242261 0.8421052
 76.750920 160.79146 2257480.1 46.263157 31.332930 0.7681696 0.6315789
 77.905900 160.79146 1504986.7 30.842105 20.888620 0.5121130 0.4210526
 79.060880 160.79146 752493.38 15.421052 10.444310 0.2560565 0.2105263
 80.215860 160.79146       0.0       0.0       0.0       0.0       0.0
 58.271240 161.33792 14034652.     293.0 194.74907 4.8785257       4.0
 59.426220 161.33792 13295986. 277.57894 184.49912 4.6217612 3.7894736
 60.581200 161.33792 12557320. 262.15789 174.24917 4.3649967 3.5789473
 61.736180 161.33792 11818654. 246.73684 163.99921 4.1082322 3.3684210
 62.891160 161.33792 11079988. 231.31578 153.74926 3.8514677 3.1578947
 64.046140 161.33792 10341322. 215.89473 143.49931 3.5947032 2.9473684
 65.201120 161.33792 9602656.8 200.47368 133.24936 3.3379387 2.7368421
 66.356100 161.33792 8863990.9 185.05263 122.99941 3.0811741 2.5263157
 67.511080 161.33792 8125325.0 169.63157 112.74946 2.8244096 2.3157894
 68.666060 161.33792 7386659.1 154.21052 102.49951 2.5676451 2.1052631
 69.821040 161.33792 6647993.2 138.78947 92.249561 2.3108806 1.8947368
 70.976020 161.33792 5909327.3 123.36842 81.999609 2.0541161 1.6842105
 72.131000 161.33792 5170661.3 107.94736 71.749658 1.7973516 1.4736842
 73.285980 161.33792 4431995.4 92.526315 61.499707 1.5405870 1.2631578
 74.440960 161.33792 3693329.5 77.105263 51.249756 1.2838225 1.0526315
 75.595940 161.33792 2954663.6 61.684210 40.999804 1.0270580 0.8421052
 76.750920 161.33792 2215997.7 46.263157 30.749853 0.7702935 0.6315789
 77.905900 161.33792 1477331.8 30.842105 20.499902 0.5135290 0.4210526
 79.060880 161.33792 738665.91 15.421052 10.249951 0.2567645 0.2105263
 80.215860 161.33792       0.0       0.0       0.0       0.0       0.0
 58.271240 161.88438 13771930.     293.0 191.05625 4.8919771       4.0
 59.426220 161.88438 13047092. 277.57894 181.00066 4.6345046 3.7894736
 60.581200 161.88438 12322253. 262.15789 170.94507 4.3770321 3.5789473
 61.736180 161.88438 11597415. 246.73684 160.88947 4.1195597 3.3684210
 62.891160 161.88438 10872576. 231.31578 150.83388 3.8620872 3.1578947
 64.046140 161.88438 10147738. 215.89473 140.77829 3.6046147 2.9473684
 65.201120 161.88438 9422899.7 200.47368 130.72270 3.3471422 2.7368421
 66.356100 161.88438 8698061.3 185.05263 120.66710 3.0896697 2.5263157
 67.511080 161.88438 7973222.9 169.63157 110.61151 2.8321973 2.3157894
 68.666060 161.88438 7248384.4 154.21052 100.55592 2.5747248 2.1052631
 69.821040 161.88438 6523546.0 138.78947 90.500331 2.3172523 1.8947368
 70.976020 161.88438 5798707.5 123.36842 80.444738 2.0597798 1.6842105
 72.131000 161.88438 5073869.1 107.94736 70.389146 1.8023073 1.4736842
 73.285980 161.88438 4349030.6 92.526315 60.333554 1.5448348 1.2631578
 74.440960 161.88438 3624192.2 77.105263 50.277961 1.2873624 1.0526315
 75.595940 161.88438 2899353.7 61.684210 40.222369 1.0298899 0.8421052
 76.750920 161.88438 2174515.3 46.263157 30.166777 0.7724174 0.6315789
 77.905900 161.88438 1449676.8 30.842105 20.111184 0.5149449 0.4210526
 79.060880 161.88438 724838.44 15.421052 10.055592 0.2574724 0.2105263
 80.215860 161.88438       0.0       0.0       0.0       0.0       0.0
 58.271240 162.43084 13509208.     293.0 187.36343 4.9054285       4.0
 59.426220 162.43084 12798197. 277.57894 177.50220 4.6472480 3.7894736
 60.581200 162.43084 12087186. 262.15789 167.64096 4.3890676 3.5789473
 61.736180 162.43084 11376175. 246.73684 157.77973 4.1308871 3.3684210
 62.891160 162.43084 10665164. 231.31578 147.91850 3.8727067 3.1578947
 64.046140 162.43084 9954153.6 215.89473 138.05726 3.6145262 2.9473684
 65.201120 162.43084 9243142.7 200.47368 128.19603 3.3563458 2.7368421
 66.356100 162.43084 8532131.7 185.05263 118.33480 3.0981653 2.5263157
 67.511080 162.43084 7821120.7 169.63157 108.47356 2.8399849 2.3157894
 68.666060 162.43084 7110109.7 154.21052 98.612334 2.5818044 2.1052631
 69.821040 162.43084 6399098.8 138.78947 88.751101 2.3236240 1.8947368
 70.976020 162.43084 5688087.8 123.36842 78.889867 2.0654435 1.6842105
 72.131000 162.43084 4977076.8 107.94736 69.028634 1.8072631 1.4736842
 73.285980 162.43084 4266065.8 92.526315 59.167400 1.5490826 1.2631578
 74.440960 162.43084 3555054.8 77.105263 49.306167 1.2909022 1.0526315
 75.595940 162.43084 2844043.9 61.684210 39.444933 1.0327217 0.8421052
 76.750920 162.43084 2133032.9 46.263157 29.583700 0.7745413 0.6315789
 77.905900 162.43084 1422021.9 30.842105 19.722466 0.5163608 0.4210526
 79.060880 162.43084 711010.97 15.421052 9.8612334 0.2581804 0.2105263
 80.215860 162.43084       0.0       0.0       0.0       0.0       0.0
 58.271240 162.97730 13246486.     293.0 183.67061 4.9188798       4.0
 59.426220 162.97730 12549303. 277.57894 174.00374 4.6599914 3.7894736
 60.581200 162.97730 11852119. 262.15789 164.33686 4.4011030 3.5789473
 61.736180 162.97730 11154936. 246.73684 154.66999 4.1422146 3.3684210
 62.891160 162.97730 10457752. 231.31578 145.00311 3.8833262 3.1578947
 64.046140 162.97730 9760569.1 215.89473 135.33624 3.6244378 2.9473684
 65.201120 162.97730 9063385.6 200.47368 125.66936 3.3655493 2.7368421
 66.356100 162.97730 8366202.1 185.05263 116.00249 3.1066609 2.5263157
 67.511080 162.97730 7669018.6 169.63157 106.33562 2.8477725 2.3157894
 68.666060 162.97730 6971835.0 154.21052 96.668745 2.5888841 2.1052631
 69.821040 162.97730 6274651.5 138.78947 87.001871 2.3299957 1.8947368
 70.976020 162.97730 5577468.0 123.36842 77.334996 2.0711073 1.6842105
 72.131000 162.97730 4880284.5 107.94736 67.668122 1.8122189 1.4736842
 73.285980 162.97730 4183101.0 92.526315 58.001247 1.5533304 1.2631578
 74.440960 162.97730 3485917.5 77.105263 48.334372 1.2944420 1.0526315
 75.595940 162.97730 2788734.0 61.684210 38.667498 1.0355536 0.8421052
 76.750920 162.97730 2091550.5 46.263157 29.000623 0.7766652 0.6315789
 77.905900 162.97730 1394367.0 30.842105 19.333749 0.5177768 0.4210526
 79.060880 162.97730 697183.50 15.421052 9.6668745 0.2588884 0.2105263
 80.215860 162.97730       0.0       0.0       0.0       0.0       0.0
 58.271240 163.52376 12983764.     293.0 179.97779 4.9323312       4.0
 59.426220 163.52376 12300408. 277.57894 170.50528 4.6727348 3.7894736
 60.581200 163.52376 11617052. 262.15789 161.03276 4.4131384 3.5789473
 61.736180 163.52376 10933696. 246.73684 151.56025 4.1535420 3.3684210
 62.891160 163.52376 10250340. 231.31578 142.08773 3.8939457 3.1578947
 64.046140 163.52376 9566984.5 215.89473 132.61521 3.6343493 2.9473684
 65.201120 163.52376 8883628.5 200.47368 123.14270 3.3747529 2.7368421
 66.356100 163.52376 8200272.5 185.05263 113.67018 3.1151565 2.5263157
 67.511080 163.52376 7516916.4 169.63157 104.19767 2.8555601 2.3157894
 68.666060 163.52376 6833560.4 154.21052 94.725156 2.5959638 2.1052631
 69.821040 163.52376 6150204.3 138.78947 85.252641 2.3363674 1.8947368
 70.976020 163.52376 5466848.3 123.36842 75.780125 2.0767710 1.6842105
 72.131000 163.52376 4783492.2 107.94736 66.307609 1.8171746 1.4736842
 73.285980 163.52376 4100136.2 92.526315 56.835094 1.5575782 1.2631578
 74.440960 163.52376 3416780.2 77.105263 47.362578 1.2979819 1.0526315
 75.595940 163.52376 2733424.1 61.684210 37.890062 1.0383855 0.8421052
 76.750920 163.52376 2050068.1 46.263157 28.417547 0.7787891 0.6315789
 77.905900 163.52376 1366712.0 30.842105 18.945031 0.5191927 0.4210526
 79.060880 163.52376 683356.04 15.421052 9.4725156 0.2595963 0.2105263
 80.215860 163.52376       0.0       0.0       0.0       0.0       0.0
 58.271240 164.07023 12721042.     293.0 176.28497 4.9457826       4.0
 59.426220 164.07023 12051514. 277.57894 167.00682 4.6854782 3.7894736
 60.581200 164.07023 11381985. 262.15789 157.72866 4.4251739 3.5789473
 61.736180 164.07023 10712457. 246.73684 148.45050 4.1648695 3.3684210
 62.891160 164.07023 10042928. 231.31578 139.17235 3.9045652 3.1578947
 64.046140 164.07023 9373400.0 215.89473 129.89419 3.6442608 2.9473684
 65.201120 164.07023 8703871.4 200.47368 120.61603 3.3839565 2.7368421
 66.356100 164.07023 8034342.8 185.05263 111.33788 3.1236521 2.5263157
 67.511080 164.07023 7364814.3 169.63157 102.05972 2.8633478 2.3157894
 68.666060 164.07023 6695285.7 154.21052 92.781567 2.6030434 2.1052631
 69.821040 164.07023 6025757.1 138.78947 83.503411 2.3427391 1.8947368
 70.976020 164.07023 5356228.5 123.36842 74.225254 2.0824347 1.6842105
 72.131000 164.07023 4686700.0 107.94736 64.947097 1.8221304 1.4736842
 73.285980 164.07023 4017171.4 92.526315 55.668940 1.5618260 1.2631578
 74.440960 164.07023 3347642.8 77.105263 46.390783 1.3015217 1.0526315
 75.595940 164.07023 2678114.2 61.684210 37.112627 1.0412173 0.8421052
 76.750920 164.07023 2008585.7 46.263157 27.834470 0.7809130 0.6315789
 77.905900 164.07023 1339057.1 30.842105 18.556313 0.5206086 0.4210526
 79.060880 164.07023 669528.57 15.421052 9.2781567 0.2603043 0.2105263
 80.215860 164.07023       0.0       0.0       0.0       0.0       0.0
 58.271240 164.61669 12458321.     293.0 172.59216 4.9592339       4.0
 59.426220 164.61669 11802619. 277.57894 163.50836 4.6982216 3.7894736
 60.581200 164.61669 11146918. 262.15789 154.42456 4.4372093 3.5789473
 61.736180 164.61669 10491217. 246.73684 145.34076 4.1761970 3.3684210
 62.891160 164.61669 9835516.5 231.31578 136.25696 3.9151847 3.1578947
 64.046140 164.61669 9179815.4 215.89473 127.17317 3.6541723 2.9473684
 65.201120 164.61669 8524114.3 200.47368 118.08937 3.3931600 2.7368421
 66.356100 164.61669 7868413.2 185.05263 109.00557 3.1321477 2.5263157
 67.511080 164.61669 7212712.1 169.63157 99.921776 2.8711354 2.3157894
 68.666060 164.61669 6557011.0 154.21052 90.837978 2.6101231 2.1052631
 69.821040 164.61669 5901309.9 138.78947 81.754181 2.3491108 1.8947368
 70.976020 164.61669 5245608.8 123.36842 72.670383 2.0880985 1.6842105
 72.131000 164.61669 4589907.7 107.94736 63.586585 1.8270861 1.4736842
 73.285980 164.61669 3934206.6 92.526315 54.502787 1.5660738 1.2631578
 74.440960 164.61669 3278505.5 77.105263 45.418989 1.3050615 1.0526315
 75.595940 164.61669 2622804.4 61.684210 36.335191 1.0440492 0.8421052
 76.750920 164.61669 1967103.3 46.263157 27.251393 0.7830369 0.6315789
 77.905900 164.61669 1311402.2 30.842105 18.167595 0.5220246 0.4210526
 79.060880 164.61669 655701.10 15.421052 9.0837978 0.2610123 0.2105263
 80.215860 164.61669       0.0       0.0       0.0       0.0       0.0
 58.271240 165.16315 12195599.     293.0 168.89934 4.9726853       4.0
 59.426220 165.16315 11553725. 277.57894 160.00990 4.7109650 3.7894736
 60.581200 165.16315 10911851. 262.15789 151.12046 4.4492447 3.5789473
 61.736180 165.16315 10269978. 246.73684 142.23102 4.1875244 3.3684210
 62.891160 165.16315 9628104.5 231.31578 133.34158 3.9258042 3.1578947
 64.046140 165.16315 8986230.9 215.89473 124.45214 3.6640839 2.9473684
 65.201120 165.16315 8344357.2 200.47368 115.56270 3.4023636 2.7368421
 66.356100 165.16315 7702483.6 185.05263 106.67326 3.1406433 2.5263157
 67.511080 165.16315 7060610.0 169.63157 97.783829 2.8789230 2.3157894
 68.666060 165.16315 6418736.3 154.21052 88.894390 2.6172028 2.1052631
 69.821040 165.16315 5776862.7 138.78947 80.004951 2.3554825 1.8947368
 70.976020 165.16315 5134989.0 123.36842 71.115512 2.0937622 1.6842105
 72.131000 165.16315 4493115.4 107.94736 62.226073 1.8320419 1.4736842
 73.285980 165.16315 3851241.8 92.526315 53.336634 1.5703216 1.2631578
 74.440960 165.16315 3209368.1 77.105263 44.447195 1.3086014 1.0526315
 75.595940 165.16315 2567494.5 61.684210 35.557756 1.0468811 0.8421052
 76.750920 165.16315 1925620.9 46.263157 26.668317 0.7851608 0.6315789
 77.905900 165.16315 1283747.2 30.842105 17.778878 0.5234405 0.4210526
 79.060880 165.16315 641873.63 15.421052 8.8894390 0.2617202 0.2105263
 80.215860 165.16315       0.0       0.0       0.0       0.0       0.0
 58.271240 165.70961 11932877.     293.0 165.20652 4.9861366       4.0
 59.426220 165.70961 11304831. 277.57894 156.51144 4.7237084 3.7894736
 60.581200 165.70961 10676784. 262.15789 147.81636 4.4612801 3.5789473
 61.736180 165.70961 10048738. 246.73684 139.12128 4.1988519 3.3684210
 62.891160 165.70961 9420692.5 231.31578 130.42620 3.9364236 3.1578947
 64.046140 165.70961 8792646.3 215.89473 121.73112 3.6739954 2.9473684
 65.201120 165.70961 8164600.2 200.47368 113.03604 3.4115672 2.7368421
 66.356100 165.70961 7536554.0 185.05263 104.34096 3.1491389 2.5263157
 67.511080 165.70961 6908507.8 169.63157 95.645881 2.8867107 2.3157894
 68.666060 165.70961 6280461.6 154.21052 86.950801 2.6242824 2.1052631
 69.821040 165.70961 5652415.5 138.78947 78.255721 2.3618542 1.8947368
 70.976020 165.70961 5024369.3 123.36842 69.560640 2.0994259 1.6842105
 72.131000 165.70961 4396323.1 107.94736 60.865560 1.8369977 1.4736842
 73.285980 165.70961 3768277.0 92.526315 52.170480 1.5745694 1.2631578
 74.440960 165.70961 3140230.8 77.105263 43.475400 1.3121412 1.0526315
 75.595940 165.70961 2512184.6 61.684210 34.780320 1.0497129 0.8421052
 76.750920 165.70961 1884138.5 46.263157 26.085240 0.7872847 0.6315789
 77.905900 165.70961 1256092.3 30.842105 17.390160 0.5248564 0.4210526
 79.060880 165.70961 628046.16 15.421052 8.6950801 0.2624282 0.2105263
 80.215860 165.70961       0.0       0.0       0.0       0.0       0.0
 58.271240 166.25607 11670155.     293.0 161.51370 4.9995880       4.0
 59.426220 166.25607 11055936. 277.57894 153.01298 4.7364518 3.7894736
 60.581200 166.25607 10441717. 262.15789 144.51226 4.4733156 3.5789473
 61.736180 166.25607 9827499.2 246.73684 136.01153 4.2101794 3.3684210
 62.891160 166.25607 9213280.5 231.31578 127.51081 3.9470431 3.1578947
 64.046140 166.25607 8599061.8 215.89473 119.01009 3.6839069 2.9473684
 65.201120 166.25607 7984843.1 200.47368 110.50937 3.4207707 2.7368421
 66.356100 166.25607 7370624.4 185.05263 102.00865 3.1576345 2.5263157
 67.511080 166.25607 6756405.7 169.63157 93.507933 2.8944983 2.3157894
 68.666060 166.25607 6142187.0 154.21052 85.007212 2.6313621 2.1052631
 69.821040 166.25607 5527968.3 138.78947 76.506491 2.3682259 1.8947368
 70.976020 166.25607 4913749.6 123.36842 68.005769 2.1050897 1.6842105
 72.131000 166.25607 4299530.9 107.94736 59.505048 1.8419534 1.4736842
 73.285980 166.25607 3685312.2 92.526315 51.004327 1.5788172 1.2631578
 74.440960 166.25607 3071093.5 77.105263 42.503606 1.3156810 1.0526315
 75.595940 166.25607 2456874.8 61.684210 34.002884 1.0525448 0.8421052
 76.750920 166.25607 1842656.1 46.263157 25.502163 0.7894086 0.6315789
 77.905900 166.25607 1228437.4 30.842105 17.001442 0.5262724 0.4210526
 79.060880 166.25607 614218.70 15.421052 8.5007212 0.2631362 0.2105263
 80.215860 166.25607       0.0       0.0       0.0       0.0       0.0
 58.271240 166.80253 11407433.     293.0 157.82088 5.0130394       4.0
 59.426220 166.80253 10807042. 277.57894 149.51452 4.7491952 3.7894736
 60.581200 166.80253 10206650. 262.15789 141.20815 4.4853510 3.5789473
 61.736180 166.80253 9606259.7 246.73684 132.90179 4.2215068 3.3684210
 62.891160 166.80253 9005868.4 231.31578 124.59543 3.9576626 3.1578947
 64.046140 166.80253 8405477.2 215.89473 116.28907 3.6938185 2.9473684
 65.201120 166.80253 7805086.0 200.47368 107.98271 3.4299743 2.7368421
 66.356100 166.80253 7204694.7 185.05263 99.676347 3.1661301 2.5263157
 67.511080 166.80253 6604303.5 169.63157 91.369985 2.9022859 2.3157894
 68.666060 166.80253 6003912.3 154.21052 83.063623 2.6384417 2.1052631
 69.821040 166.80253 5403521.0 138.78947 74.757260 2.3745976 1.8947368
 70.976020 166.80253 4803129.8 123.36842 66.450898 2.1107534 1.6842105
 72.131000 166.80253 4202738.6 107.94736 58.144536 1.8469092 1.4736842
 73.285980 166.80253 3602347.3 92.526315 49.838173 1.5830650 1.2631578
 74.440960 166.80253 3001956.1 77.105263 41.531811 1.3192208 1.0526315
 75.595940 166.80253 2401564.9 61.684210 33.225449 1.0553767 0.8421052
 76.750920 166.80253 1801173.6 46.263157 24.919086 0.7915325 0.6315789
 77.905900 166.80253 1200782.4 30.842105 16.612724 0.5276883 0.4210526
 79.060880 166.80253 600391.23 15.421052 8.3063623 0.2638441 0.2105263
 80.215860 166.80253       0.0       0.0       0.0       0.0       0.0
 58.271240   167.349 11144711.     293.0 154.12806 5.0264907       4.0
 59.426220   167.349 10558147. 277.57894 146.01606 4.7619386 3.7894736
 60.581200   167.349 9971584.0 262.15789 137.90405 4.4973864 3.5789473
 61.736180   167.349 9385020.2 246.73684 129.79205 4.2328343 3.3684210
 62.891160   167.349 8798456.4 231.31578 121.68005 3.9682821 3.1578947
 64.046140   167.349 8211892.7 215.89473 113.56804 3.7037300 2.9473684
 65.201120   167.349 7625328.9 200.47368 105.45604 3.4391778 2.7368421
 66.356100   167.349 7038765.1 185.05263 97.344041 3.1746257 2.5263157
 67.511080   167.349 6452201.4 169.63157 89.232037 2.9100736 2.3157894
 68.666060   167.349 5865637.6 154.21052 81.120034 2.6455214 2.1052631
 69.821040   167.349 5279073.8 138.78947 73.008030 2.3809693 1.8947368
 70.976020   167.349 4692510.1 123.36842 64.896027 2.1164171 1.6842105
 72.131000   167.349 4105946.3 107.94736 56.784024 1.8518650 1.4736842
 73.285980   167.349 3519382.5 92.526315 48.672020 1.5873128 1.2631578
 74.440960   167.349 2932818.8 77.105263 40.560017 1.3227607 1.0526315
 75.595940   167.349 2346255.0 61.684210 32.448013 1.0582085 0.8421052
 76.750920   167.349 1759691.2 46.263157 24.336010 0.7936564 0.6315789
 77.905900   167.349 1173127.5 30.842105 16.224006 0.5291042 0.4210526
 79.060880   167.349 586563.76 15.421052 8.1120034 0.2645521 0.2105263
 80.215860   167.349       0.0       0.0       0.0       0.0       0.0
 58.271240 167.89546 10881989.     293.0 150.43524 5.0399421       4.0
 59.426220 167.89546 10309253. 277.57894 142.51760 4.7746820 3.7894736
 60.581200 167.89546 9736517.0 262.15789 134.59995 4.5094219 3.5789473
 61.736180 167.89546 9163780.7 246.73684 126.68231 4.2441617 3.3684210
 62.891160 167.89546 8591044.4 231.31578 118.76466 3.9789016 3.1578947
 64.046140 167.89546 8018308.1 215.89473 110.84702 3.7136415 2.9473684
 65.201120 167.89546 7445571.8 200.47368 102.92937 3.4483814 2.7368421
 66.356100 167.89546 6872835.5 185.05263 95.011734 3.1831213 2.5263157
 67.511080 167.89546 6300099.2 169.63157 87.094090 2.9178612 2.3157894
 68.666060 167.89546 5727362.9 154.21052 79.176445 2.6526011 2.1052631
 69.821040 167.89546 5154626.6 138.78947 71.258800 2.3873410 1.8947368
 70.976020 167.89546 4581890.3 123.36842 63.341156 2.1220808 1.6842105
 72.131000 167.89546 4009154.0 107.94736 55.423511 1.8568207 1.4736842
 73.285980 167.89546 3436417.7 92.526315 47.505867 1.5915606 1.2631578
 74.440960 167.89546 2863681.4 77.105263 39.588222 1.3263005 1.0526315
 75.595940 167.89546 2290945.1 61.684210 31.670578 1.0610404 0.8421052
 76.750920 167.89546 1718208.8 46.263157 23.752933 0.7957803 0.6315789
 77.905900 167.89546 1145472.5 30.842105 15.835289 0.5305202 0.4210526
 79.060880 167.89546 572736.29 15.421052 7.9176445 0.2652601 0.2105263
 80.215860 167.89546       0.0       0.0       0.0       0.0       0.0
 58.271240 168.44192 10619267.     293.0 146.74242 5.0533934       4.0
 59.426220 168.44192 10060358. 277.57894 139.01914 4.7874254 3.7894736
 60.581200 168.44192 9501450.0 262.15789 131.29585 4.5214573 3.5789473
 61.736180 168.44192 8942541.2 246.73684 123.57257 4.2554892 3.3684210
 62.891160 168.44192 8383632.4 231.31578 115.84928 3.9895211 3.1578947
 64.046140 168.44192 7824723.6 215.89473 108.12599 3.7235530 2.9473684
 65.201120 168.44192 7265814.7 200.47368 100.40271 3.4575850 2.7368421
 66.356100 168.44192 6706905.9 185.05263 92.679427 3.1916169 2.5263157
 67.511080 168.44192 6147997.1 169.63157 84.956142 2.9256488 2.3157894
 68.666060 168.44192 5589088.2 154.21052 77.232856 2.6596807 2.1052631
 69.821040 168.44192 5030179.4 138.78947 69.509570 2.3937127 1.8947368
 70.976020 168.44192 4471270.6 123.36842 61.786285 2.1277446 1.6842105
 72.131000 168.44192 3912361.8 107.94736 54.062999 1.8617765 1.4736842
 73.285980 168.44192 3353452.9 92.526315 46.339713 1.5958084 1.2631578
 74.440960 168.44192 2794544.1 77.105263 38.616428 1.3298403 1.0526315
 75.595940 168.44192 2235635.3 61.684210 30.893142 1.0638723 0.8421052
 76.750920 168.44192 1676726.4 46.263157 23.169856 0.7979042 0.6315789
 77.905900 168.44192 1117817.6 30.842105 15.446571 0.5319361 0.4210526
 79.060880 168.44192 558908.82 15.421052 7.7232856 0.2659680 0.2105263
 80.215860 168.44192       0.0       0.0       0.0       0.0       0.0
 58.271240 168.98838 10356545.     293.0 143.04960 5.0668448       4.0
 59.426220 168.98838 9811464.4 277.57894 135.52068 4.8001688 3.7894736
 60.581200 168.98838 9266383.1 262.15789 127.99175 4.5334927 3.5789473
 61.736180 168.98838 8721301.7 246.73684 120.46282 4.2668167 3.3684210
 62.891160 168.98838 8176220.4 231.31578 112.93390 4.0001406 3.1578947
 64.046140 168.98838 7631139.0 215.89473 105.40497 3.7334646 2.9473684
 65.201120 168.98838 7086057.6 200.47368 97.876047 3.4667885 2.7368421
 66.356100 168.98838 6540976.3 185.05263 90.347121 3.2001125 2.5263157
 67.511080 168.98838 5995894.9 169.63157 82.818194 2.9334364 2.3157894
 68.666060 168.98838 5450813.6 154.21052 75.289267 2.6667604 2.1052631
 69.821040 168.98838 4905732.2 138.78947 67.760340 2.4000844 1.8947368
 70.976020 168.98838 4360650.8 123.36842 60.231414 2.1334083 1.6842105
 72.131000 168.98838 3815569.5 107.94736 52.702487 1.8667323 1.4736842
 73.285980 168.98838 3270488.1 92.526315 45.173560 1.6000562 1.2631578
 74.440960 168.98838 2725406.8 77.105263 37.644633 1.3333802 1.0526315
 75.595940 168.98838 2180325.4 61.684210 30.115707 1.0667041 0.8421052
 76.750920 168.98838 1635244.0 46.263157 22.586780 0.8000281 0.6315789
 77.905900 168.98838 1090162.7 30.842105 15.057853 0.5333520 0.4210526
 79.060880 168.98838 545081.36 15.421052 7.5289267 0.2666760 0.2105263
 80.215860 168.98838       0.0       0.0       0.0       0.0       0.0
 58.271240 169.53484 10093823.     293.0 139.35678 5.0802962       4.0
 59.426220 169.53484 9562570.0 277.57894 132.02222 4.8129122 3.7894736
 60.581200 169.53484 9031316.1 262.15789 124.68765 4.5455281 3.5789473
 61.736180 169.53484 8500062.2 246.73684 117.35308 4.2781441 3.3684210
 62.891160 169.53484 7968808.3 231.31578 110.01851 4.0107601 3.1578947
 64.046140 169.53484 7437554.5 215.89473 102.68395 3.7433761 2.9473684
 65.201120 169.53484 6906300.6 200.47368 95.349382 3.4759921 2.7368421
 66.356100 169.53484 6375046.7 185.05263 88.014814 3.2086081 2.5263157
 67.511080 169.53484 5843792.8 169.63157 80.680246 2.9412241 2.3157894
 68.666060 169.53484 5312538.9 154.21052 73.345678 2.6738401 2.1052631
 69.821040 169.53484 4781285.0 138.78947 66.011110 2.4064561 1.8947368
 70.976020 169.53484 4250031.1 123.36842 58.676543 2.1390720 1.6842105
 72.131000 169.53484 3718777.2 107.94736 51.341975 1.8716880 1.4736842
 73.285980 169.53484 3187523.3 92.526315 44.007407 1.6043040 1.2631578
 74.440960 169.53484 2656269.4 77.105263 36.672839 1.3369200 1.0526315
 75.595940 169.53484 2125015.5 61.684210 29.338271 1.0695360 0.8421052
 76.750920 169.53484 1593761.6 46.263157 22.003703 0.8021520 0.6315789
 77.905900 169.53484 1062507.7 30.842105 14.669135 0.5347680 0.4210526
 79.060880 169.53484 531253.89 15.421052 7.3345678 0.2673840 0.2105263
 80.215860 169.53484       0.0       0.0       0.0       0.0       0.0
 58.271240 170.08130 9831102.0     293.0 135.66397 5.0937475       4.0
 59.426220 170.08130 9313675.6 277.57894 128.52376 4.8256555 3.7894736
 60.581200 170.08130 8796249.2 262.15789 121.38355 4.5575636 3.5789473
 61.736180 170.08130 8278822.7 246.73684 114.24334 4.2894716 3.3684210
 62.891160 170.08130 7761396.3 231.31578 107.10313 4.0213796 3.1578947
 64.046140 170.08130 7243969.9 215.89473 99.962925 3.7532876 2.9473684
 65.201120 170.08130 6726543.5 200.47368 92.822716 3.4851957 2.7368421
 66.356100 170.08130 6209117.0 185.05263 85.682507 3.2171037 2.5263157
 67.511080 170.08130 5691690.6 169.63157 78.542298 2.9490117 2.3157894
 68.666060 170.08130 5174264.2 154.21052 71.402089 2.6809197 2.1052631
 69.821040 170.08130 4656837.8 138.78947 64.261880 2.4128277 1.8947368
 70.976020 170.08130 4139411.3 123.36842 57.121671 2.1447358 1.6842105
 72.131000 170.08130 3621984.9 107.94736 49.981462 1.8766438 1.4736842
 73.285980 170.08130 3104558.5 92.526315 42.841253 1.6085518 1.2631578
 74.440960 170.08130 2587132.1 77.105263 35.701044 1.3404598 1.0526315
 75.595940 170.08130 2069705.6 61.684210 28.560835 1.0723679 0.8421052
 76.750920 170.08130 1552279.2 46.263157 21.420626 0.8042759 0.6315789
 77.905900 170.08130 1034852.8 30.842105 14.280417 0.5361839 0.4210526
 79.060880 170.08130 517426.42 15.421052 7.1402089 0.2680919 0.2105263
 80.215860 170.08130       0.0       0.0       0.0       0.0       0.0
 58.271240 170.62776 9568380.1     293.0 131.97115 5.1071989       4.0
 59.426220 170.62776 9064781.2 277.57894 125.02530 4.8383989 3.7894736
 60.581200 170.62776 8561182.2 262.15789 118.07945 4.5695990 3.5789473
 61.736180 170.62776 8057583.3 246.73684 111.13360 4.3007991 3.3684210
 62.891160 170.62776 7553984.3 231.31578 104.18775 4.0319991 3.1578947
 64.046140 170.62776 7050385.3 215.89473 97.241901 3.7631992 2.9473684
 65.201120 170.62776 6546786.4 200.47368 90.296051 3.4943992 2.7368421
 66.356100 170.62776 6043187.4 185.05263 83.350201 3.2255993 2.5263157
 67.511080 170.62776 5539588.5 169.63157 76.404351 2.9567993 2.3157894
 68.666060 170.62776 5035989.5 154.21052 69.458500 2.6879994 2.1052631
 69.821040 170.62776 4532390.6 138.78947 62.512650 2.4191994 1.8947368
 70.976020 170.62776 4028791.6 123.36842 55.566800 2.1503995 1.6842105
 72.131000 170.62776 3525192.6 107.94736 48.620950 1.8815996 1.4736842
 73.285980 170.62776 3021593.7 92.526315 41.675100 1.6127996 1.2631578
 74.440960 170.62776 2517994.7 77.105263 34.729250 1.3439997 1.0526315
 75.595940 170.62776 2014395.8 61.684210 27.783400 1.0751997 0.8421052
 76.750920 170.62776 1510796.8 46.263157 20.837550 0.8063998 0.6315789
 77.905900 170.62776 1007197.9 30.842105 13.891700 0.5375998 0.4210526
 79.060880 170.62776 503598.95 15.421052 6.9458500 0.2687999 0.2105263
 80.215860 170.62776       0.0       0.0       0.0       0.0       0.0
 58.271240 171.17423 9305658.2     293.0 128.27833 5.1206502       4.0
 59.426220 171.17423 8815886.7 277.57894 121.52684 4.8511423 3.7894736
 60.581200 171.17423 8326115.3 262.15789 114.77535 4.5816344 3.5789473
 61.736180 171.17423 7836343.8 246.73684 108.02385 4.3121265 3.3684210
 62.891160 171.17423 7346572.3 231.31578 101.27236 4.0426186 3.1578947
 64.046140 171.17423 6856800.8 215.89473 94.520876 3.7731107 2.9473684
 65.201120 171.17423 6367029.3 200.47368 87.769385 3.5036028 2.7368421
 66.356100 171.17423 5877257.8 185.05263 81.017894 3.2340949 2.5263157
 67.511080 171.17423 5387486.3 169.63157 74.266403 2.9645870 2.3157894
 68.666060 171.17423 4897714.8 154.21052 67.514912 2.6950791 2.1052631
 69.821040 171.17423 4407943.3 138.78947 60.763420 2.4255711 1.8947368
 70.976020 171.17423 3918171.9 123.36842 54.011929 2.1560632 1.6842105
 72.131000 171.17423 3428400.4 107.94736 47.260438 1.8865553 1.4736842
 73.285980 171.17423 2938628.9 92.526315 40.508947 1.6170474 1.2631578
 74.440960 171.17423 2448857.4 77.105263 33.757456 1.3475395 1.0526315
 75.595940 171.17423 1959085.9 61.684210 27.005964 1.0780316 0.8421052
 76.750920 171.17423 1469314.4 46.263157 20.254473 0.8085237 0.6315789
 77.905900 171.17423 979542.97 30.842105 13.502982 0.5390158 0.4210526
 79.060880 171.17423 489771.48 15.421052 6.7514912 0.2695079 0.2105263
 80.215860 171.17423       0.0       0.0       0.0       0.0       0.0
 58.271240 171.72069 9042936.3     293.0 124.58551 5.1341016       4.0
 59.426220 171.72069 8566992.3 277.57894 118.02838 4.8638857 3.7894736
 60.581200 171.72069 8091048.3 262.15789 111.47124 4.5936699 3.5789473
 61.736180 171.72069 7615104.3 246.73684 104.91411 4.3234540 3.3684210
 62.891160 171.72069 7139160.3 231.31578 98.356984 4.0532381 3.1578947
 64.046140 171.72069 6663216.2 215.89473 91.799852 3.7830222 2.9473684
 65.201120 171.72069 6187272.2 200.47368 85.242720 3.5128063 2.7368421
 66.356100 171.72069 5711328.2 185.05263 78.685587 3.2425905 2.5263157
 67.511080 171.72069 5235384.2 169.63157 72.128455 2.9723746 2.3157894
 68.666060 171.72069 4759440.2 154.21052 65.571323 2.7021587 2.1052631
 69.821040 171.72069 4283496.1 138.78947 59.014190 2.4319428 1.8947368
 70.976020 171.72069 3807552.1 123.36842 52.457058 2.1617270 1.6842105
 72.131000 171.72069 3331608.1 107.94736 45.899926 1.8915111 1.4736842
 73.285980 171.72069 2855664.1 92.526315 39.342793 1.6212952 1.2631578
 74.440960 171.72069 2379720.1 77.105263 32.785661 1.3510793 1.0526315
 75.595940 171.72069 1903776.0 61.684210 26.228529 1.0808635 0.8421052
 76.750920 171.72069 1427832.0 46.263157 19.671396 0.8106476 0.6315789
 77.905900 171.72069 951888.04 30.842105 13.114264 0.5404317 0.4210526
 79.060880 171.72069 475944.02 15.421052 6.5571323 0.2702158 0.2105263
 80.215860 171.72069       0.0       0.0       0.0       0.0       0.0
 58.271240 172.26715 8780214.4     293.0 120.89269 5.1475530       4.0
 59.426220 172.26715 8318097.9 277.57894 114.52992 4.8766291 3.7894736
 60.581200 172.26715 7855981.3 262.15789 108.16714 4.6057053 3.5789473
 61.736180 172.26715 7393864.8 246.73684 101.80437 4.3347814 3.3684210
 62.891160 172.26715 6931748.2 231.31578 95.441601 4.0638576 3.1578947
 64.046140 172.26715 6469631.7 215.89473 89.078827 3.7929338 2.9473684
 65.201120 172.26715 6007515.1 200.47368 82.716054 3.5220099 2.7368421
 66.356100 172.26715 5545398.6 185.05263 76.353281 3.2510861 2.5263157
 67.511080 172.26715 5083282.0 169.63157 69.990507 2.9801622 2.3157894
 68.666060 172.26715 4621165.5 154.21052 63.627734 2.7092384 2.1052631
 69.821040 172.26715 4159048.9 138.78947 57.264960 2.4383145 1.8947368
 70.976020 172.26715 3696932.4 123.36842 50.902187 2.1673907 1.6842105
 72.131000 172.26715 3234815.8 107.94736 44.539413 1.8964669 1.4736842
 73.285980 172.26715 2772699.3 92.526315 38.176640 1.6255430 1.2631578
 74.440960 172.26715 2310582.7 77.105263 31.813867 1.3546192 1.0526315
 75.595940 172.26715 1848466.2 61.684210 25.451093 1.0836953 0.8421052
 76.750920 172.26715 1386349.6 46.263157 19.088320 0.8127715 0.6315789
 77.905900 172.26715 924233.10 30.842105 12.725546 0.5418476 0.4210526
 79.060880 172.26715 462116.55 15.421052 6.3627734 0.2709238 0.2105263
 80.215860 172.26715       0.0       0.0       0.0       0.0       0.0
 58.271240 172.81361 8517492.6     293.0 117.19987 5.1610043       4.0
 59.426220 172.81361 8069203.5 277.57894 111.03146 4.8893725 3.7894736
 60.581200 172.81361 7620914.4 262.15789 104.86304 4.6177407 3.5789473
 61.736180 172.81361 7172625.3 246.73684 98.694632 4.3461089 3.3684210
 62.891160 172.81361 6724336.2 231.31578 92.526217 4.0744771 3.1578947
 64.046140 172.81361 6276047.1 215.89473 86.357803 3.8028453 2.9473684
 65.201120 172.81361 5827758.0 200.47368 80.189388 3.5312135 2.7368421
 66.356100 172.81361 5379469.0 185.05263 74.020974 3.2595817 2.5263157
 67.511080 172.81361 4931179.9 169.63157 67.852559 2.9879499 2.3157894
 68.666060 172.81361 4482890.8 154.21052 61.684145 2.7163180 2.1052631
 69.821040 172.81361 4034601.7 138.78947 55.515730 2.4446862 1.8947368
 70.976020 172.81361 3586312.6 123.36842 49.347316 2.1730544 1.6842105
 72.131000 172.81361 3138023.5 107.94736 43.178901 1.9014226 1.4736842
 73.285980 172.81361 2689734.5 92.526315 37.010487 1.6297908 1.2631578
 74.440960 172.81361 2241445.4 77.105263 30.842072 1.3581590 1.0526315
 75.595940 172.81361 1793156.3 61.684210 24.673658 1.0865272 0.8421052
 76.750920 172.81361 1344867.2 46.263157 18.505243 0.8148954 0.6315789
 77.905900 172.81361 896578.16 30.842105 12.336829 0.5432636 0.4210526
 79.060880 172.81361 448289.08 15.421052 6.1684145 0.2716318 0.2105263
 80.215860 172.81361       0.0       0.0       0.0       0.0       0.0
 58.271240 173.36007 8254770.7     293.0 113.50705 5.1744557       4.0
 59.426220 173.36007 7820309.0 277.57894 107.53300 4.9021159 3.7894736
 60.581200 173.36007 7385847.4 262.15789 101.55894 4.6297761 3.5789473
 61.736180 173.36007 6951385.8 246.73684 95.584890 4.3574364 3.3684210
 62.891160 173.36007 6516924.2 231.31578 89.610834 4.0850966 3.1578947
 64.046140 173.36007 6082462.6 215.89473 83.636778 3.8127568 2.9473684
 65.201120 173.36007 5648001.0 200.47368 77.662723 3.5404170 2.7368421
 66.356100 173.36007 5213539.3 185.05263 71.688667 3.2680773 2.5263157
 67.511080 173.36007 4779077.7 169.63157 65.714612 2.9957375 2.3157894
 68.666060 173.36007 4344616.1 154.21052 59.740556 2.7233977 2.1052631
 69.821040 173.36007 3910154.5 138.78947 53.766500 2.4510579 1.8947368
 70.976020 173.36007 3475692.9 123.36842 47.792445 2.1787182 1.6842105
 72.131000 173.36007 3041231.3 107.94736 41.818389 1.9063784 1.4736842
 73.285980 173.36007 2606769.6 92.526315 35.844333 1.6340386 1.2631578
 74.440960 173.36007 2172308.0 77.105263 29.870278 1.3616988 1.0526315
 75.595940 173.36007 1737846.4 61.684210 23.896222 1.0893591 0.8421052
 76.750920 173.36007 1303384.8 46.263157 17.922166 0.8170193 0.6315789
 77.905900 173.36007 868923.23 30.842105 11.948111 0.5446795 0.4210526
 79.060880 173.36007 434461.61 15.421052 5.9740556 0.2723397 0.2105263
 80.215860 173.36007       0.0       0.0       0.0       0.0       0.0
 58.271240 173.90653 7992048.8     293.0 109.81423 5.1879071       4.0
 59.426220 173.90653 7571414.6 277.57894 104.03454 4.9148593 3.7894736
 60.581200 173.90653 7150780.5 262.15789 98.254844 4.6418116 3.5789473
 61.736180 173.90653 6730146.3 246.73684 92.475147 4.3687638 3.3684210
 62.891160 173.90653 6309512.2 231.31578 86.695451 4.0957161 3.1578947
 64.046140 173.90653 5888878.0 215.89473 80.915754 3.8226683 2.9473684
 65.201120 173.90653 5468243.9 200.47368 75.136057 3.5496206 2.7368421
 66.356100 173.90653 5047609.7 185.05263 69.356360 3.2765729 2.5263157
 67.511080 173.90653 4626975.6 169.63157 63.576664 3.0035251 2.3157894
 68.666060 173.90653 4206341.4 154.21052 57.796967 2.7304774 2.1052631
 69.821040 173.90653 3785707.3 138.78947 52.017270 2.4574296 1.8947368
 70.976020 173.90653 3365073.1 123.36842 46.237573 2.1843819 1.6842105
 72.131000 173.90653 2944439.0 107.94736 40.457877 1.9113341 1.4736842
 73.285980 173.90653 2523804.8 92.526315 34.678180 1.6382864 1.2631578
 74.440960 173.90653 2103170.7 77.105263 28.898483 1.3652387 1.0526315
 75.595940 173.90653 1682536.5 61.684210 23.118786 1.0921909 0.8421052
 76.750920 173.90653 1261902.4 46.263157 17.339090 0.8191432 0.6315789
 77.905900 173.90653 841268.29 30.842105 11.559393 0.5460954 0.4210526
 79.060880 173.90653 420634.14 15.421052 5.7796967 0.2730477 0.2105263
 80.215860 173.90653       0.0       0.0       0.0       0.0       0.0
 58.271240   174.453 7729326.9     293.0 106.12141 5.2013584       4.0
 59.426220   174.453 7322520.2 277.57894 100.53608 4.9276027 3.7894736
 60.581200   174.453 6915713.5 262.15789 94.950743 4.6538470 3.5789473
 61.736180   174.453 6508906.8 246.73684 89.365405 4.3800913 3.3684210
 62.891160   174.453 6102100.2 231.31578 83.780067 4.1063356 3.1578947
 64.046140   174.453 5695293.5 215.89473 78.194729 3.8325799 2.9473684
 65.201120   174.453 5288486.8 200.47368 72.609392 3.5588242 2.7368421
 66.356100   174.453 4881680.1 185.05263 67.024054 3.2850685 2.5263157
 67.511080   174.453 4474873.4 169.63157 61.438716 3.0113127 2.3157894
 68.666060   174.453 4068066.8 154.21052 55.853378 2.7375570 2.1052631
 69.821040   174.453 3661260.1 138.78947 50.268040 2.4638013 1.8947368
 70.976020   174.453 3254453.4 123.36842 44.682702 2.1900456 1.6842105
 72.131000   174.453 2847646.7 107.94736 39.097364 1.9162899 1.4736842
 73.285980   174.453 2440840.0 92.526315 33.512027 1.6425342 1.2631578
 74.440960   174.453 2034033.4 77.105263 27.926689 1.3687785 1.0526315
 75.595940   174.453 1627226.7 61.684210 22.341351 1.0950228 0.8421052
 76.750920   174.453 1220420.0 46.263157 16.756013 0.8212671 0.6315789
 77.905900   174.453 813613.36 30.842105 11.170675 0.5475114 0.4210526
 79.060880   174.453 406806.68 15.421052 5.5853378 0.2737557 0.2105263
 80.215860   174.453       0.0       0.0       0.0       0.0       0.0
 58.271240 174.99946 7466605.0     293.0 102.42860 5.2148098       4.0
 59.426220 174.99946 7073625.8 277.57894 97.037621 4.9403461 3.7894736
 60.581200 174.99946 6680646.6 262.15789 91.646642 4.6658824 3.5789473
 61.736180 174.99946 6287667.3 246.73684 86.255663 4.3914187 3.3684210
 62.891160 174.99946 5894688.1 231.31578 80.864684 4.1169551 3.1578947
 64.046140 174.99946 5501708.9 215.89473 75.473705 3.8424914 2.9473684
 65.201120 174.99946 5108729.7 200.47368 70.082726 3.5680277 2.7368421
 66.356100 174.99946 4715750.5 185.05263 64.691747 3.2935640 2.5263157
 67.511080 174.99946 4322771.3 169.63157 59.300768 3.0191004 2.3157894
 68.666060 174.99946 3929792.1 154.21052 53.909789 2.7446367 2.1052631
 69.821040 174.99946 3536812.9 138.78947 48.518810 2.4701730 1.8947368
 70.976020 174.99946 3143833.6 123.36842 43.127831 2.1957093 1.6842105
 72.131000 174.99946 2750854.4 107.94736 37.736852 1.9212457 1.4736842
 73.285980 174.99946 2357875.2 92.526315 32.345873 1.6467820 1.2631578
 74.440960 174.99946 1964896.0 77.105263 26.954894 1.3723183 1.0526315
 75.595940 174.99946 1571916.8 61.684210 21.563915 1.0978546 0.8421052
 76.750920 174.99946 1178937.6 46.263157 16.172936 0.8233910 0.6315789
 77.905900 174.99946 785958.42 30.842105 10.781957 0.5489273 0.4210526
 79.060880 174.99946 392979.21 15.421052 5.3909789 0.2744636 0.2105263
 80.215860 174.99946       0.0       0.0       0.0       0.0       0.0
 58.271240 175.54592 7203883.1     293.0 98.735781 5.2282611       4.0
 59.426220 175.54592 6824731.3 277.57894 93.539161 4.9530895 3.7894736
 60.581200 175.54592 6445579.6 262.15789 88.342541 4.6779179 3.5789473
 61.736180 175.54592 6066427.9 246.73684 83.145921 4.4027462 3.3684210
 62.891160 175.54592 5687276.1 231.31578 77.949301 4.1275746 3.1578947
 64.046140 175.54592 5308124.4 215.89473 72.752681 3.8524029 2.9473684
 65.201120 175.54592 4928972.6 200.47368 67.556060 3.5772313 2.7368421
 66.356100 175.54592 4549820.9 185.05263 62.359440 3.3020596 2.5263157
 67.511080 175.54592 4170669.1 169.63157 57.162820 3.0268880 2.3157894
 68.666060 175.54592 3791517.4 154.21052 51.966200 2.7517164 2.1052631
 69.821040 175.54592 3412365.6 138.78947 46.769580 2.4765447 1.8947368
 70.976020 175.54592 3033213.9 123.36842 41.572960 2.2013731 1.6842105
 72.131000 175.54592 2654062.2 107.94736 36.376340 1.9262014 1.4736842
 73.285980 175.54592 2274910.4 92.526315 31.179720 1.6510298 1.2631578
 74.440960 175.54592 1895758.7 77.105263 25.983100 1.3758582 1.0526315
 75.595940 175.54592 1516606.9 61.684210 20.786480 1.1006865 0.8421052
 76.750920 175.54592 1137455.2 46.263157 15.589860 0.8255149 0.6315789
 77.905900 175.54592 758303.48 30.842105 10.393240 0.5503432 0.4210526
 79.060880 175.54592 379151.74 15.421052 5.1966200 0.2751716 0.2105263
 80.215860 175.54592       0.0       0.0       0.0       0.0       0.0
 58.271240 176.09238 6941161.2     293.0 95.042962 5.2417125       4.0
 59.426220 176.09238 6575836.9 277.57894 90.040701 4.9658329 3.7894736
 60.581200 176.09238 6210512.6 262.15789 85.038440 4.6899533 3.5789473
 61.736180 176.09238 5845188.4 246.73684 80.036178 4.4140737 3.3684210
 62.891160 176.09238 5479864.1 231.31578 75.033917 4.1381941 3.1578947
 64.046140 176.09238 5114539.8 215.89473 70.031656 3.8623145 2.9473684
 65.201120 176.09238 4749215.5 200.47368 65.029395 3.5864348 2.7368421
 66.356100 176.09238 4383891.3 185.05263 60.027134 3.3105552 2.5263157
 67.511080 176.09238 4018567.0 169.63157 55.024872 3.0346756 2.3157894
 68.666060 176.09238 3653242.7 154.21052 50.022611 2.7587960 2.1052631
 69.821040 176.09238 3287918.4 138.78947 45.020350 2.4829164 1.8947368
 70.976020 176.09238 2922594.2 123.36842 40.018089 2.2070368 1.6842105
 72.131000 176.09238 2557269.9 107.94736 35.015828 1.9311572 1.4736842
 73.285980 176.09238 2191945.6 92.526315 30.013567 1.6552776 1.2631578
 74.440960 176.09238 1826621.3 77.105263 25.011305 1.3793980 1.0526315
 75.595940 176.09238 1461297.1 61.684210 20.009044 1.1035184 0.8421052
 76.750920 176.09238 1095972.8 46.263157 15.006783 0.8276388 0.6315789
 77.905900 176.09238 730648.55 30.842105 10.004522 0.5517592 0.4210526
 79.060880 176.09238 365324.27 15.421052 5.0022611 0.2758796 0.2105263
 80.215860 176.09238       0.0       0.0       0.0       0.0       0.0
 58.271240 176.63884 6678439.3     293.0 91.350143 5.2551639       4.0
 59.426220 176.63884 6326942.5 277.57894 86.542241 4.9785763 3.7894736
 60.581200 176.63884 5975445.7 262.15789 81.734338 4.7019887 3.5789473
 61.736180 176.63884 5623948.9 246.73684 76.926436 4.4254011 3.3684210
 62.891160 176.63884 5272452.1 231.31578 72.118534 4.1488136 3.1578947
 64.046140 176.63884 4920955.3 215.89473 67.310632 3.8722260 2.9473684
 65.201120 176.63884 4569458.5 200.47368 62.502729 3.5956384 2.7368421
 66.356100 176.63884 4217961.6 185.05263 57.694827 3.3190508 2.5263157
 67.511080 176.63884 3866464.8 169.63157 52.886925 3.0424633 2.3157894
 68.666060 176.63884 3514968.0 154.21052 48.079022 2.7658757 2.1052631
 69.821040 176.63884 3163471.2 138.78947 43.271120 2.4892881 1.8947368
 70.976020 176.63884 2811974.4 123.36842 38.463218 2.2127005 1.6842105
 72.131000 176.63884 2460477.6 107.94736 33.655316 1.9361130 1.4736842
 73.285980 176.63884 2108980.8 92.526315 28.847413 1.6595254 1.2631578
 74.440960 176.63884 1757484.0 77.105263 24.039511 1.3829378 1.0526315
 75.595940 176.63884 1405987.2 61.684210 19.231609 1.1063502 0.8421052
 76.750920 176.63884 1054490.4 46.263157 14.423706 0.8297627 0.6315789
 77.905900 176.63884 702993.61 30.842105 9.6158045 0.5531751 0.4210526
 79.060880 176.63884 351496.80 15.421052 4.8079022 0.2765875 0.2105263
 80.215860 176.63884       0.0       0.0       0.0       0.0       0.0
 58.271240 177.18530 6415717.4     293.0 87.657324 5.2686152       4.0
 59.426220 177.18530 6078048.1 277.57894 83.043781 4.9913197 3.7894736
 60.581200 177.18530 5740378.7 262.15789 78.430237 4.7140241 3.5789473
 61.736180 177.18530 5402709.4 246.73684 73.816694 4.4367286 3.3684210
 62.891160 177.18530 5065040.0 231.31578 69.203150 4.1594331 3.1578947
 64.046140 177.18530 4727370.7 215.89473 64.589607 3.8821375 2.9473684
 65.201120 177.18530 4389701.4 200.47368 59.976064 3.6048420 2.7368421
 66.356100 177.18530 4052032.0 185.05263 55.362520 3.3275464 2.5263157
 67.511080 177.18530 3714362.7 169.63157 50.748977 3.0502509 2.3157894
 68.666060 177.18530 3376693.3 154.21052 46.135433 2.7729554 2.1052631
 69.821040 177.18530 3039024.0 138.78947 41.521890 2.4956598 1.8947368
 70.976020 177.18530 2701354.7 123.36842 36.908347 2.2183643 1.6842105
 72.131000 177.18530 2363685.3 107.94736 32.294803 1.9410687 1.4736842
 73.285980 177.18530 2026016.0 92.526315 27.681260 1.6637732 1.2631578
 74.440960 177.18530 1688346.6 77.105263 23.067716 1.3864777 1.0526315
 75.595940 177.18530 1350677.3 61.684210 18.454173 1.1091821 0.8421052
 76.750920 177.18530 1013008.0 46.263157 13.840630 0.8318866 0.6315789
 77.905900 177.18530 675338.67 30.842105 9.2270867 0.5545910 0.4210526
 79.060880 177.18530 337669.33 15.421052 4.6135433 0.2772955 0.2105263
 80.215860 177.18530       0.0       0.0       0.0       0.0       0.0
 58.271240 177.73176 6152995.5     293.0 83.964505 5.2820666       4.0
 59.426220 177.73176 5829153.6 277.57894 79.545321 5.0040631 3.7894736
 60.581200 177.73176 5505311.8 262.15789 75.126136 4.7260596 3.5789473
 61.736180 177.73176 5181469.9 246.73684 70.706952 4.4480561 3.3684210
 62.891160 177.73176 4857628.0 231.31578 66.287767 4.1700526 3.1578947
 64.046140 177.73176 4533786.2 215.89473 61.868583 3.8920490 2.9473684
 65.201120 177.73176 4209944.3 200.47368 57.449398 3.6140455 2.7368421
 66.356100 177.73176 3886102.4 185.05263 53.030214 3.3360420 2.5263157
 67.511080 177.73176 3562260.5 169.63157 48.611029 3.0580385 2.3157894
 68.666060 177.73176 3238418.7 154.21052 44.191845 2.7800350 2.1052631
 69.821040 177.73176 2914576.8 138.78947 39.772660 2.5020315 1.8947368
 70.976020 177.73176 2590734.9 123.36842 35.353476 2.2240280 1.6842105
 72.131000 177.73176 2266893.1 107.94736 30.934291 1.9460245 1.4736842
 73.285980 177.73176 1943051.2 92.526315 26.515107 1.6680210 1.2631578
 74.440960 177.73176 1619209.3 77.105263 22.095922 1.3900175 1.0526315
 75.595940 177.73176 1295367.4 61.684210 17.676738 1.1120140 0.8421052
 76.750920 177.73176 971525.61 46.263157 13.257553 0.8340105 0.6315789
 77.905900 177.73176 647683.74 30.842105 8.8383690 0.5560070 0.4210526
 79.060880 177.73176 323841.87 15.421052 4.4191845 0.2780035 0.2105263
 80.215860 177.73176       0.0       0.0       0.0       0.0       0.0
 58.271240 178.27823 5890273.6     293.0 80.271686 5.2955179       4.0
 59.426220 178.27823 5890273.6     293.0 80.347297 5.3002436       4.0
 60.581200 178.27823 5890273.6     293.0 80.422908 5.3049693       4.0
 61.736180 178.27823 5890273.6     293.0 80.498519 5.3096950       4.0
 62.891160 178.27823 5890273.6     293.0 80.574130 5.3144207       4.0
 64.046140 178.27823 5890273.6     293.0 80.649741 5.3191463       4.0
 65.201120 178.27823 5890273.6     293.0 80.725351 5.3238720       4.0
 66.356100 178.27823 5890273.6     293.0 80.800962 5.3285977       4.0
 67.511080 178.27823 5890273.6     293.0 80.876573 5.3333234       4.0
 68.666060 178.27823 5890273.6     293.0 80.952184 5.3380490       4.0
 69.821040 178.27823 5948186.2 293.16642 81.027795 5.2930068       4.0
 70.976020 178.27823 5953943.3 293.18296 81.103406 5.2927850       4.0
 72.131000 178.27823 5959700.4 293.19951 81.179017 5.2925633       4.0
 73.285980 178.27823 5965457.5 293.21605 81.254627 5.2923415       4.0
 74.440960 178.27823 5971214.5 293.23259 81.330238 5.2921198       4.0
 75.595940 178.27823 5976971.6 293.24914 81.405849 5.2918981       4.0
 76.750920 178.27823 5982728.7 293.26568 81.481460 5.2916763       4.0
 77.905900 178.27823 5988485.8 293.28223 81.557071 5.2914546       4.0
 79.060880 178.27823 5994242.9 293.29877 81.632682 5.2912328       4.0
 80.215860 178.27823 6000000.0 293.31531 81.708293 5.2910111       4.0
 58.271240 178.82469 5627551.7     293.0 76.582786 5.3092142       4.0
 59.426220 178.82469 5647198.2 293.05721 76.839228 5.3083758       4.0
 60.581200 178.82469 5666844.7 293.11442 77.095669 5.3075374       4.0
 61.736180 178.82469 5686491.3 293.17163 77.352111 5.3066990       4.0
 62.891160 178.82469 5706137.8 293.22884 77.608553 5.3058606       4.0
 64.046140 178.82469 5725784.3 293.28605 77.864995 5.3050222       4.0
 65.201120 178.82469 5745430.8 293.34326 78.121437 5.3041838       4.0
 66.356100 178.82469 5765077.3 293.40047 78.377879 5.3033454       4.0
 67.511080 178.82469 5784723.8 293.45768 78.634321 5.3025070       4.0
 68.666060 178.82469 5804370.3 293.51489 78.890763 5.3016686       4.0
 69.821040 178.82469 5824016.8 293.57210 79.147205 5.3008301       4.0
 70.976020 178.82469 5843663.3 293.62931 79.403647 5.2999917       4.0
 72.131000 178.82469 5863309.8 293.68652 79.660089 5.2991533       4.0
 73.285980 178.82469 5882956.3 293.74373 79.916531 5.2983149       4.0
 74.440960 178.82469 5902602.9 293.80094 80.172973 5.2974765       4.0
 75.595940 178.82469 5922249.4 293.85815 80.429415 5.2966381       4.0
 76.750920 178.82469 5941895.9 293.91537 80.685856 5.2957997       4.0
 77.905900 178.82469 5961542.4 293.97258 80.942298 5.2949613       4.0
 79.060880 178.82469 5981188.9 294.02979 81.198740 5.2941229       4.0
 80.215860 178.82469 6000000.0 294.07076 81.455182 5.2936724       4.0
 58.271240 179.37115 5364829.8     293.0 72.902699 5.3234613       4.0
 59.426220 179.37115 5398196.8 293.09716 73.339485 5.3220027       4.0
 60.581200 179.37115 5431563.8 293.19432 73.776270 5.3205440       4.0
 61.736180 179.37115 5464930.8 293.29149 74.213056 5.3190854       4.0
 62.891160 179.37115 5498297.8 293.38865 74.649841 5.3176267       4.0
 64.046140 179.37115 5531664.8 293.48582 75.086627 5.3161680       4.0
 65.201120 179.37115 5565031.8 293.58298 75.523412 5.3147094       4.0
 66.356100 179.37115 5598398.8 293.68015 75.960198 5.3132507       4.0
 67.511080 179.37115 5631765.7 293.77731 76.396983 5.3117921       4.0
 68.666060 179.37115 5665132.7 293.87448 76.833769 5.3103334       4.0
 69.821040 179.37115 5698499.7 293.97164 77.270554 5.3088747       4.0
 70.976020 179.37115 5731895.0 294.06873 77.707340 5.3074308       4.0
 72.131000 179.37115 5765408.1 294.16553 78.144125 5.3060479       4.0
 73.285980 179.37115 5798921.2 294.26232 78.580911 5.3046651       4.0
 74.440960 179.37115 5832434.4 294.35912 79.017697 5.3032823       4.0
 75.595940 179.37115 5865947.5 294.45591 79.454482 5.3018995       4.0
 76.750920 179.37115 5899460.6 294.55271 79.891268 5.3005167       4.0
 77.905900 179.37115 5932973.7 294.64950 80.328053 5.2991339       4.0
 79.060880 179.37115 5966486.8 294.74630 80.764839 5.2977511       4.0
 80.215860 179.37115 6000000.0 294.84309 81.201624 5.2963683       4.0
 58.271240 179.91761 5102107.9     293.0 69.231427 5.3383185       2.0
 59.426220 179.91761 5149171.8 293.13704 69.848281 5.3361442 2.2610473
 60.581200 179.91761 5196235.6 293.27409 70.465136 5.3339698 2.5220946
 61.736180 179.91761 5243299.4 293.41114 71.081990 5.3317954 2.7831419
 62.891160 179.91761 5290363.2 293.54819 71.698845 5.3296211 3.0441892
 64.046140 179.91761 5337427.0 293.68524 72.315699 5.3274467 3.3052365
 65.201120 179.91761 5384490.8 293.82229 72.932554 5.3252723 3.5662838
 66.356100 179.91761 5431554.7 293.95934 73.549408 5.3230980 3.8273311
 67.511080 179.91761 5478705.1 294.09628 74.166262 5.3209671       4.0
 68.666060 179.91761 5526024.9 294.23298 74.783117 5.3189214       4.0
 69.821040 179.91761 5573344.6 294.36969 75.399971 5.3168756       4.0
 70.976020 179.91761 5620664.4 294.50639 76.016826 5.3148299       4.0
 72.131000 179.91761 5667984.1 294.64309 76.633680 5.3127841       4.0
 73.285980 179.91761 5715303.8 294.77980 77.250534 5.3107384       4.0
 74.440960 179.91761 5762623.6 294.91650 77.867389 5.3086926       4.0
 75.595940 179.91761 5809943.3 295.05321 78.484243 5.3066469       4.0
 76.750920 179.91761 5857389.9 295.19057 79.101098 5.3046876       4.0
 77.905900 179.91761 5904926.6 295.32840 79.717952 5.3027897       4.0
 79.060880 179.91761 5952463.3 295.46624 80.334807 5.3008918       4.0
 80.215860 179.91761 6000000.0 295.60407 80.951661 5.2989939       4.0
 58.271240 180.46407 4839386.0     293.0 65.568969 5.3538368       2.0
 59.426220 180.46407 4900090.3 293.17677 66.365568 5.3508814       2.0
 60.581200 180.46407 4960794.5 293.35354 67.162167 5.3479260       2.0
 61.736180 180.46407 5021498.8 293.53031 67.958767 5.3449706       2.0
 62.891160 180.46407 5082203.0 293.70708 68.755366 5.3420152       2.0
 64.046140 180.46407 5142907.3 293.88385 69.551965 5.3390598       2.0
 65.201120 180.46407 5203633.0 294.06075 70.348564 5.3361163 2.0202894
 66.356100 180.46407 5264693.7 294.23966 71.145164 5.3333581 2.3578616
 67.511080 180.46407 5325754.4 294.41857 71.941763 5.3305999 2.6954338
 68.666060 180.46407 5386815.2 294.59749 72.738362 5.3278417 3.0330060
 69.821040 180.46407 5447875.9 294.77640 73.534961 5.3250836 3.3705782
 70.976020 180.46407 5508936.6 294.95531 74.331561 5.3223254 3.7081504
 72.131000 180.46407 5570043.3 295.13343 75.128160 5.3195820       4.0
 73.285980 180.46407 5631443.2 295.30648 75.924759 5.3169334       4.0
 74.440960 180.46407 5692843.2 295.47954 76.721358 5.3142848       4.0
 75.595940 180.46407 5754243.1 295.65259 77.517958 5.3116362       4.0
 76.750920 180.46407 5815643.0 295.82564 78.314557 5.3089876       4.0
 77.905900 180.46407 5877042.9 295.99869 79.111156 5.3063390       4.0
 79.060880 180.46407 5938452.9 296.17265 79.907755 5.3037248       4.0
 80.215860 180.46407 6000000.0 296.35905 80.704354 5.3015824       4.0
 58.271240 181.01053 4576664.2     293.0 61.915325 5.3701548       2.0
 59.426220 181.01053 4650972.5 293.21712 62.891317 5.3663260       2.0
 60.581200 181.01053 4725280.8 293.43425 63.867308 5.3624972       2.0
 61.736180 181.01053 4799589.2 293.65138 64.843300 5.3586685       2.0
 62.891160 181.01053 4873897.5 293.86850 65.819292 5.3548397       2.0
 64.046140 181.01053 4948274.1 294.08592 66.795283 5.3510536 2.0677906
 65.201120 181.01053 5022998.4 294.30485 67.771275 5.3474850 2.4808517
 66.356100 181.01053 5097722.7 294.52377 68.747266 5.3439164 2.8939129
 67.511080 181.01053 5172447.0 294.74269 69.723258 5.3403478 3.3069741
 68.666060 181.01053 5247171.3 294.96161 70.699250 5.3367791 3.7200352
 69.821040 181.01053 5322012.4 295.17892 71.675241 5.3332874       4.0
 70.976020 181.01053 5397099.3 295.39282 72.651233 5.3299573       4.0
 72.131000 181.01053 5472186.1 295.60672 73.627225 5.3266273       4.0
 73.285980 181.01053 5547272.9 295.82063 74.603216 5.3232972       4.0
 74.440960 181.01053 5622359.8 296.03453 75.579208 5.3199672       4.0
 75.595940 181.01053 5697653.2 296.24937 76.555199 5.3167171       4.0
 76.750920 181.01053 5773239.9 296.46553 77.531191 5.3135806       4.0
 77.905900 181.01053 5848826.6 296.68170 78.507183 5.3104440       4.0
 79.060880 181.01053 5924413.3 296.89786 79.483174 5.3073075       4.0
 80.215860 181.01053 6000000.0 297.11403 80.459166 5.3041709       4.0
 58.271240   181.557 4313942.3     293.0 58.271240 5.3873542       2.0
 59.426220   181.557 4401832.7 293.25939 59.426220 5.3825418       2.0
 60.581200   181.557 4489723.2 293.51879 60.581200 5.3777294       2.0
 61.736180   181.557 4577613.7 293.77818 61.736180 5.3729170       2.0
 62.891160   181.557 4665504.1 294.03758 62.891160 5.3681046       2.0
 64.046140   181.557 4753830.6 294.29688 64.046140 5.3636229       2.0
 65.201120   181.557 4842179.0 294.55617 65.201120 5.3591579       2.0
 66.356100   181.557 4930527.4 294.81546 66.356100 5.3546929       2.0
 67.511080   181.557 5018875.8 295.07476 67.511080 5.3502279       2.0
 68.666060   181.557 5107571.7 295.32902 68.666060 5.3460291 2.4171905
 69.821040   181.557 5196322.3 295.58249 69.821040 5.3418722 2.8999936
 70.976020   181.557 5285072.9 295.83596 70.976020 5.3377152 3.3827967
 72.131000   181.557 5373823.5 296.08943 72.131000 5.3335583 3.8655998
 73.285980   181.557 5463012.5 296.34416 73.285980 5.3295851       4.0
 74.440960   181.557 5552370.7 296.59937 74.440960 5.3256828       4.0
 75.595940   181.557 5641729.0 296.85457 75.595940 5.3217805       4.0
 76.750920   181.557 5731087.2 297.10978 76.750920 5.3178782       4.0
 77.905900   181.557 5820640.6 297.36350 77.905900 5.3141129       4.0
 79.060880   181.557 5910320.3 297.61625 79.060880 5.3104362       4.0
 80.215860   181.557 6000000.0 297.86901 80.215860 5.3067594       4.0
